,Deal_id,Prediction
0,72875713,0.2200595238095238
1,75825544,0.13683333333333333
2,81809181,0.3075297619047619
3,87083256,0.4497440476190478
4,84651519,0.5061255411255413
5,83091781,0.3177321428571428
6,70455833,0.31960119047619034
7,76923734,0.12697198435904575
8,70609426,0.4979523809523809
9,73037664,0.22186196911196907
10,81520647,0.21810715244229734
11,79502154,0.21106901311249135
12,7608929,0.22075174626380764
13,78693591,0.4279226190476191
14,82626919,0.24451333774250447
15,73715934,0.08387387387387388
16,71040078,0.21438095238095234
17,70991157,0.42750000000000005
18,85910966,0.20760869565217394
19,70640979,0.564125
20,81616965,0.25752381910896405
21,84638072,0.41732738095238114
22,76130011,0.36833820037986703
23,80457992,0.5607083333333333
24,73288054,0.27376431947491026
25,71751188,0.235952380952381
26,79968140,0.16504166666666667
27,80349315,0.11086335875223174
28,74228988,0.13333333333333333
29,82922892,0.20307441434705928
30,70308757,0.20819131970970203
31,84522980,0.20600681038181035
32,74613967,0.1565747116163783
33,87463727,0.35254166666666664
34,71805726,0.1324587912087912
35,79550566,0.18890929089026914
36,81510592,0.3981342540309932
37,85986873,0.2236130952380952
38,73156278,0.2558333333333333
39,81775775,0.430794191919192
40,87042952,0.39404166666666673
41,82929222,0.4549787157287159
42,84444298,0.3250654761904762
43,70939586,0.152158995614878
44,79930387,0.12747774327122152
45,77562673,0.21676631393298065
46,82715418,0.3443988095238095
47,6979678,0.11226785714285717
48,78944029,0.4480322871572872
49,70111543,0.1305881595881596
50,81456724,0.1880878623188406
51,7175964,0.41824999999999996
52,81720568,0.4348576839826841
53,73244942,0.28336046977713647
54,74690643,0.14807625482625483
55,75493253,0.31420238095238084
56,83659230,0.35373214285714283
57,8588658,0.2989308357034806
58,86612493,0.2079126984126984
59,80867047,0.382577380952381
60,70256265,0.1713322072072072
61,75370187,0.4300833333333335
62,82635091,0.32650595238095237
63,81058436,0.33919817927170876
64,73979296,0.40545138888888893
65,80695147,0.14098696911196915
66,83068347,0.2272960758377425
67,75875473,0.34025
68,76912065,0.301819885361552
69,72936742,0.15629761904761907
70,85127324,0.3448234126984127
71,78378322,0.25232298136645953
72,80873958,0.3671731601731602
73,82804155,0.12623809523809523
74,85360456,0.39416841736694685
75,7106244,0.34594967532467535
76,8447858,0.4570714285714288
77,83371446,0.20113425143979108
78,74508810,0.19072352114018776
79,76417933,0.2315907186948854
80,87007522,0.36555952380952383
81,86196461,0.32097510514177174
82,83362460,0.15635399708316378
83,82343133,0.25879495614035086
84,7165879,0.1367072072072072
85,83644567,0.3433988095238095
86,82125935,0.25222353715407675
87,75687636,0.3309880952380953
88,80725116,0.3899172077922078
89,82133666,0.4084672619047619
90,83770970,0.20595679012345675
91,87840351,0.235626552795031
92,86591567,0.3355079365079364
93,7287995,0.4096130952380952
94,86705069,0.25404320250334744
95,75064123,0.2105371472663139
96,8077155,0.15715665584415586
97,70322595,0.3733888888888889
98,81842999,0.3069437325288774
99,8325575,0.13547210417347716
100,83995818,0.4523398268398268
101,83095545,0.232038961038961
102,71872287,0.45864285714285713
103,78820822,0.14750452898550726
104,75635119,0.1464555008425623
105,72366664,0.23278021978021976
106,70267317,0.47924999999999995
107,75031189,0.2079285714285714
108,70942876,0.37985317460317447
109,7594039,0.4768452380952381
110,71833936,0.39294047619047623
111,77949730,0.3261751373626373
112,76510944,0.24659098925765593
113,81818966,0.15759408526256352
114,78631418,0.26307298136645957
115,82244871,0.2233220059886726
116,79632260,0.5485000000000002
117,83460844,0.26798809523809525
118,78977697,0.1376801242236025
119,73271257,0.16492061796228466
120,82367634,0.10687387387387384
121,72108078,0.32126586268478674
122,70425779,0.14919237012987016
123,85312444,0.3780634920634921
124,87105476,0.37345030355447023
125,69984579,0.22568154761904768
126,72233180,0.3452291666666666
127,69547173,0.3235347222222222
128,75718296,0.12995238095238096
129,72466217,0.21502458068247543
130,79550621,0.1400583976833977
131,79822943,0.4590178571428572
132,70197143,0.27125672353961827
133,84612955,0.26195331465919697
134,75513615,0.1231011904761905
135,78823031,0.3933392857142857
136,84977031,0.3267797619047619
137,73330079,0.4100947802197802
138,82674852,0.23542261904761905
139,7290854,0.21571571869488537
140,88147612,0.3248304473304473
141,75485472,0.3073928571428571
142,84179542,0.4160833333333334
143,81371313,0.3373544735211402
144,69616149,0.2733324211263452
145,86695155,0.2967792176958844
146,77973691,0.07208333333333332
147,71391765,0.1174988738738739
148,82146548,0.15962984226871524
149,76914272,0.3046746031746031
150,81343141,0.32758333333333334
151,86294781,0.13399887387387388
152,72921793,0.23097058882475552
153,70434323,0.2406971997300945
154,74327611,0.280047619047619
155,78679022,0.26144500517598335
156,7663324,0.2051026234567901
157,74658486,0.11405555555555555
158,75497288,0.1308690476190476
159,77092312,0.145148088023088
160,81248757,0.3715388888888888
161,87065117,0.4020833333333333
162,76916477,0.4073452380952382
163,73992377,0.3381666666666666
164,82304222,0.4732916666666667
165,7791688,0.09406418690958168
166,76067175,0.4635833333333333
167,78065947,0.22627380952380954
168,73704464,0.4625
169,78158728,0.4925
170,71800566,0.14854702650290888
171,71871521,0.13167261904761904
172,75226969,0.18756988536155203
173,81662377,0.11289440993788818
174,8335821,0.1309345238095238
175,84427568,0.2956046372106154
176,71465470,0.41491666666666677
177,72459495,0.2527429214929214
178,83838477,0.5082738095238095
179,71153591,0.357327838827839
180,85657329,0.3705952380952382
181,70720584,0.32403571428571426
182,77087369,0.25842392439431916
183,86219944,0.23437829905883872
184,78828038,0.35804166666666676
185,71583691,0.17206826506826506
186,7666294,0.4158769841269842
187,87219567,0.23029917184265006
188,77588766,0.32983333333333337
189,8046464,0.3549464285714285
190,85074696,0.2787936507936508
191,76981762,0.36413690476190474
192,74141392,0.17909964726631394
193,70942977,0.34667261904761904
194,73328540,0.22064803747259887
195,71666032,0.14375410475410474
196,76856370,0.4777499999999999
197,86524597,0.1736943263956994
198,83039042,0.16718452380952378
199,72827233,0.3583858225108225
200,70402553,0.3110476190476191
201,73799457,0.2817698412698412
202,798852100,0.2645357142857143
203,69792818,0.62675
204,73907388,0.310194885361552
205,70150648,0.2168084415584416
206,77593153,0.33528769841269834
207,82886945,0.1249241718426501
208,83362747,0.3927916666666667
209,73095942,0.18602976190476198
210,85173799,0.3313425324675325
211,8265278,0.2524378228683625
212,76168166,0.4602142857142859
213,85100031,0.3903707983193278
214,79817752,0.3988571428571428
215,78802436,0.4151547619047619
216,77002240,0.11683333333333333
217,84698037,0.22029365079365074
218,71530074,0.1130286357786358
219,83874440,0.4927380952380951
220,84649440,0.2315073566317172
221,81322217,0.334974647266314
222,7813268,0.17408333333333334
223,8576452,0.5571904761904761
224,88195590,0.34633699633699633
225,76316839,0.4659523809523809
226,82461567,0.35779936974789917
227,74773142,0.26823426348426344
228,82448443,0.10554054054054055
229,7927378,0.11474560041407868
230,71132586,0.18343673103212574
231,79813295,0.1564583333333333
232,865226100,0.3255781573498965
233,73668333,0.4032872405372405
234,77974072,0.27652976190476186
235,74776174,0.16483358083358085
236,79730180,0.3855302960927961
237,74891718,0.07836904761904762
238,73217412,0.1590449497116164
239,77323097,0.23300155895112037
240,81684837,0.45207738095238104
241,73074029,0.14480839768339768
242,75582139,0.16690917107583775
243,8451582,0.31319530244530247
244,75034757,0.17354256545923213
245,85435781,0.4975483954451348
246,85392962,0.36677909714610485
247,82418036,0.2548522853957636
248,7029811,0.37234722222222216
249,75243488,0.10772619047619049
250,74598052,0.4536011904761905
251,7260204,0.3184880952380951
252,82741231,0.28591072387086874
253,76235235,0.2224567901234568
254,71509974,0.08704058441558442
255,82373037,0.0955
256,74871081,0.2512857142857143
257,85826627,0.15829054054054054
258,74505616,0.6382023809523808
259,74854248,0.38716666666666666
260,747340100,0.18108974358974358
261,85622959,0.31351590571546706
262,75706063,0.17279607583774254
263,76805448,0.20199999999999999
264,80658441,0.33409722222222216
265,81859633,0.3807976190476191
266,69781533,0.157140194235589
267,8771705,0.28034270282186957
268,82770447,0.22160274327122148
269,73733282,0.4451666666666667
270,83583642,0.1568452476803926
271,86608960,0.15264639406487232
272,79409296,0.1631199216337946
273,80423022,0.17913142292490114
274,7312706,0.1999765412057079
275,72276997,0.3931666666666667
276,83705953,0.3171060575227242
277,75022216,0.33028746054952196
278,82581746,0.316040581332248
279,69982022,0.34972619047619036
280,69846393,0.17459523809523814
281,83722618,0.5492499999999999
282,71340514,0.2547934173669467
283,70082528,0.3823418040293039
284,7947346,0.35702579365079373
285,79564125,0.13754304029304032
286,70038139,0.11689682539682543
287,72329374,0.2701452991452991
288,87963289,0.1623106060606061
289,76908975,0.19290321869488536
290,83593074,0.416732142857143
291,73082358,0.26744975549142214
292,78598955,0.3396210317460317
293,80182616,0.30252976190476183
294,86914789,0.3532202380952382
295,71154679,0.3349464285714286
296,7011141,0.20579761904761903
297,74560466,0.29838095238095236
298,84318843,0.11764639406487232
299,73306473,0.135202380952381
300,79754477,0.2892584776334776
301,72074627,0.4096428571428572
302,7536757,0.09454012345679011
303,81340755,0.4025416666666667
304,84575012,0.46994179371353306
305,86695229,0.39716071428571437
306,77366371,0.28186109415276084
307,8229766,0.37843506493506496
308,86030221,0.3087440476190476
309,79048530,0.14903916102013928
310,70704333,0.2768958333333334
311,70968657,0.2850421245421245
312,76212622,0.20666666666666664
313,86483867,0.17397223180737673
314,78549377,0.15502976190476192
315,85361149,0.20951871514371515
316,73812957,0.11129945054945058
317,84703479,0.14297774327122156
318,83299178,0.3644567901234568
319,84749977,0.38504960317460324
320,77278912,0.11510714285714287
321,88242942,0.09685756245818165
322,82038710,0.42112500000000014
323,88202993,0.2988522727272727
324,80253665,0.5169523809523809
325,69668061,0.17208333333333337
326,74112510,0.4440357142857143
327,79726341,0.1966820499939106
328,82064823,0.18751139992806665
329,77851874,0.10909523809523809
330,80587684,0.4675297619047619
331,77927132,0.19797464726631392
332,7364855,0.24079012345679016
333,70671754,0.2722727272727272
334,70048538,0.3844047619047618
335,80360845,0.17217935525572828
336,71609760,0.22374107142857144
337,87147426,0.38653571428571426
338,72925936,0.17921911196911192
339,72272920,0.6056547619047619
340,8733854,0.5241130952380952
341,79891486,0.36579166666666657
342,72326058,0.18366071428571434
343,70672011,0.20955577865117342
344,8156304,0.30721856776023443
345,80322397,0.282297619047619
346,86585144,0.4216144127611521
347,83513999,0.40988392857142864
348,79741342,0.13114285714285714
349,76518385,0.28617194026733506
350,86478660,0.4305555555555557
351,70231322,0.44056547619047626
352,71373920,0.13722023809523812
353,72701937,0.3619603174603174
354,77903296,0.33911880975587116
355,815022100,0.48239339826839844
356,87204713,0.3391760361552029
357,75502678,0.38882142857142865
358,74378360,0.29314285714285715
359,81731979,0.5923333333333332
360,85684546,0.5458571428571429
361,83875152,0.24763891543239364
362,78056857,0.19761904761904758
363,74062749,0.4438412698412701
364,75269724,0.37233333333333335
365,87137289,0.1761801242236025
366,74155716,0.39157142857142857
367,81778794,0.3324166666666666
368,7820877,0.12551190476190477
369,8749613,0.36891666666666667
370,74309649,0.33742405202821873
371,74229354,0.16789285714285712
372,73115463,0.2721091269841269
373,72184650,0.17455357142857142
374,69908130,0.16456329964418207
375,81682767,0.4310382395382397
376,70822290,0.24255234593837532
377,82915099,0.4901195887445889
378,82064421,0.31070833333333325
379,7121817,0.14082142857142854
380,83360358,0.2900555555555556
381,70819762,0.2551428571428571
382,86254182,0.42502500000000004
383,70826453,0.1646369047619048
384,7673174,0.32475440917107584
385,75822175,0.28550000000000003
386,82387415,0.20054607583774253
387,86446321,0.22866911825426312
388,71020818,0.31124999999999997
389,74133188,0.1311785714285714
390,84793055,0.3662160364145658
391,84081576,0.16399404761904762
392,87326023,0.2301071428571428
393,74130476,0.1919166666666667
394,8000069,0.19902756954144252
395,79283014,0.1256904761904762
396,79151417,0.19136464803312628
397,75259140,0.3772916666666668
398,71224281,0.19093101343101346
399,70216895,0.2700141119845067
400,72324974,0.36568154761904764
401,73839112,0.378797619047619
402,82600548,0.44814285714285723
403,85034088,0.11839880952380953
404,71251388,0.32139285714285715
405,70830115,0.14919246031746033
406,75168670,0.23001739926739923
407,83160967,0.264304012345679
408,71014327,0.15916400375939851
409,71138042,0.21394237012987014
410,73231111,0.23929839020628493
411,86827512,0.46064285714285724
412,77164578,0.2060266924433591
413,7442613,0.324742504409171
414,81496937,0.33059126984126974
415,85958541,0.16895329241343734
416,80745620,0.30447619047619046
417,73361392,0.31813095238095235
418,7489649,0.14233470695970696
419,82286989,0.12322619047619048
420,85904271,0.14015126419474241
421,79514891,0.1239896480331263
422,71560215,0.170096009253904
423,70274572,0.1600357142857143
424,77728473,0.20728571428571427
425,7734726,0.1329686948853616
426,80849858,0.1367261904761905
427,73741765,0.16576282051282054
428,75501410,0.40315476190476185
429,80013720,0.3145524891774891
430,74883150,0.1005
431,71108530,0.3629285714285715
432,77557766,0.3519583333333333
433,71517184,0.10563577863577865
434,82270184,0.37515056022408955
435,81885678,0.278007946093091
436,79607865,0.38386263736263726
437,78223641,0.18506845238095238
438,74970760,0.3338214285714286
439,78179323,0.15708333333333332
440,8443416,0.33003571428571427
441,72673226,0.3045119047619047
442,8216846,0.2855156395891689
443,79543884,0.16446268315018314
444,81285819,0.2566250095851545
445,76581181,0.3068531746031745
446,70246498,0.1679642857142857
447,70067122,0.15550000000000003
448,78174861,0.5404761904761903
449,87566442,0.30141071428571425
450,75005137,0.2585460758377425
451,82912148,0.18142119565217393
452,87094656,0.5483690476190475
453,73348372,0.1455357142857143
454,84038569,0.4320347222222222
455,75122931,0.3993650793650794
456,82327351,0.31302976190476184
457,80403033,0.13966666666666666
458,82055783,0.2310670289855072
459,77087713,0.22307615102571252
460,84654452,0.4875064935064936
461,75291850,0.20039726631393304
462,84687838,0.21109877501725322
463,80126573,0.3594583333333333
464,80770755,0.20638872811970632
465,83597483,0.1670432194616977
466,78767859,0.2705848861283644
467,85048459,0.31205952380952384
468,78229987,0.19645412721618857
469,79080521,0.39481282545956453
470,86489192,0.13725
471,85921624,0.3870595238095239
472,7436769,0.3963615520282186
473,70101113,0.21810164835164833
474,73162759,0.1645119047619048
475,70339820,0.2949166666666667
476,84205797,0.40708585858585855
477,78092031,0.13097619047619044
478,71041349,0.3507559523809524
479,73702826,0.24831722245428384
480,85809022,0.27991666666666665
481,73030310,0.3634047619047619
482,76027461,0.4212857142857142
483,87533761,0.20141666666666666
484,72368255,0.39989285714285716
485,73626684,0.2424121472663139
486,70511472,0.17247216386554623
487,7990476,0.2715930457319187
488,73202792,0.3722222222222221
489,74532895,0.10760714285714285
490,86177478,0.41353571428571434
491,71488325,0.47179166666666683
492,76839563,0.20571320037986707
493,82820141,0.3920359217761178
494,8424315,0.24699933174933172
495,74040564,0.3478128507295175
496,69653530,0.1472668067226891
497,84511630,0.2494581409140233
498,82603233,0.2579226286327735
499,76903189,0.17783067042606515
500,72601086,0.2728395562770562
501,81610732,0.34129583333333324
502,69800438,0.1197072072072072
503,70194541,0.23445535714285706
504,73310477,0.35520833333333335
505,72454662,0.13725
506,85681935,0.224882946093091
507,78188537,0.22533333333333339
508,78674719,0.48946482683982695
509,74280865,0.21307142857142852
510,70176018,0.29984523809523805
511,86709826,0.47858333333333325
512,7824312,0.4045595238095238
513,72651944,0.12464285714285714
514,69873282,0.27485714285714274
515,76385081,0.3459404761904761
516,79193864,0.19331923620810923
517,85628056,0.46821560323734246
518,70878040,0.12431759681759681
519,73332542,0.25055843847510506
520,82371318,0.12689285714285714
521,82386334,0.3103246753246753
522,81979510,0.3233695887445887
523,70378344,0.3010595238095237
524,87130597,0.3752142857142857
525,7430641,0.14415476190476192
526,77587369,0.39178525641025636
527,83720127,0.3199821428571429
528,74697567,0.2154722222222222
529,74506868,0.12913095238095237
530,83156372,0.258446438156583
531,77084888,0.32470436507936506
532,81166449,0.347922619047619
533,74438890,0.36592857142857144
534,84503573,0.23509722222222226
535,76822189,0.22776081942748608
536,8404892,0.39455952380952375
537,77004646,0.38405357142857144
538,80775829,0.144344127983001
539,77250231,0.34294047619047624
540,84395611,0.39575000000000005
541,747604100,0.3694166666666666
542,71664615,0.23098809523809513
543,75529085,0.39341666666666675
544,75292529,0.3985739468864468
545,75284294,0.18570083774250445
546,74937332,0.13338690476190476
547,78245081,0.3086059298888246
548,86821967,0.11116666666666669
549,75361272,0.17138284323700995
550,83387982,0.326030303030303
551,72040245,0.3727380952380953
552,71032921,0.11801572447160683
553,7402677,0.2622489146655813
554,79397882,0.1552726833976834
555,77618352,0.10720238095238095
556,80178790,0.33656439393939386
557,78250176,0.4091428571428572
558,76973338,0.4081845238095238
559,81778344,0.4390243506493507
560,7489767,0.18668893298059966
561,70004872,0.2243897363601311
562,73144071,0.23166214726631393
563,69840088,0.5029880952380953
564,7021456,0.14939475108225111
565,82584660,0.309375
566,71302610,0.33588721804511273
567,81705069,0.21659083850931676
568,71242243,0.13015958815958817
569,7429617,0.1405952380952381
570,85577696,0.3253660706826397
571,76138223,0.26175
572,82998993,0.4991666666666667
573,7691809,0.16073388912095052
574,85267090,0.24836762422360245
575,87708427,0.4465238095238096
576,78164713,0.2359925044091711
577,71255514,0.14522405780494016
578,86276467,0.2587519937121387
579,81069741,0.20472023809523812
580,73598920,0.24670787545787548
581,76445677,0.44868452380952384
582,80087424,0.13637982625482625
583,77886236,0.2673214285714285
584,70081963,0.15700337570925813
585,69948647,0.23877380952380955
586,78062635,0.2296978615520283
587,75448038,0.18345366934073074
588,8431748,0.3594787157287157
589,7535821,0.14481095679012346
590,74865079,0.21098214285714284
591,78795352,0.26836498917748913
592,80044766,0.23240715821901883
593,7639257,0.39675000000000005
594,71177981,0.2965853174603174
595,77022598,0.4726309523809525
596,85554830,0.2253263984740434
597,86754481,0.369309065934066
598,75477044,0.19875793650793658
599,8346556,0.4310000000000001
600,75193886,0.32689285714285704
601,75687937,0.09141666666666665
602,82727824,0.3809166666666667
603,85402331,0.2590059523809524
604,87311534,0.42066666666666663
605,73257832,0.1142964929214929
606,81604935,0.2486666762518212
607,80432453,0.14376190476190476
608,85132995,0.3074417937135328
609,76635140,0.11667857142857142
610,8405222,0.30253053306342775
611,77906163,0.3088690476190476
612,78986683,0.2899464285714285
613,6958071,0.10614880952380952
614,70390681,0.4058482142857143
615,78275738,0.16810714285714287
616,77143358,0.49120238095238095
617,79799851,0.21738845755693578
618,78608788,0.4156190476190477
619,86538610,0.5364166666666665
620,71048234,0.3961130952380952
621,72713151,0.1936730769230769
622,83286610,0.316375
623,81837448,0.1658411892388342
624,86165361,0.3133162473491421
625,74989569,0.4686130952380953
626,78360544,0.44075297619047626
627,74068546,0.2437440476190476
628,85649716,0.27671657669574334
629,84947877,0.21240133477633477
630,85047762,0.3248273809523809
631,80329414,0.2606746031746031
632,81662918,0.14805357142857142
633,7205258,0.14015367965367964
634,72100890,0.2842857142857142
635,73510431,0.13247235872235874
636,73751643,0.20025395129561796
637,84865787,0.3742083333333332
638,70308174,0.2469642857142857
639,83503441,0.2947916666666667
640,85096342,0.3669794921262312
641,758751100,0.18879012345679017
642,74169658,0.2259989146655813
643,74688849,0.38692857142857146
644,85333152,0.15965829882677707
645,84921373,0.24837698412698406
646,82886790,0.1887905565544295
647,72482312,0.42845238095238103
648,71582881,0.21761982401656307
649,87796518,0.2949345238095238
650,75775589,0.45325000000000004
651,73538960,0.2962554945054945
652,84449517,0.22449933174933168
653,8402884,0.1685216171604902
654,70542450,0.27894222689075626
655,86177092,0.158328933747412
656,87436840,0.43946428571428586
657,84336690,0.41816666666666663
658,75004681,0.2576532186948854
659,84816013,0.26258531746031744
660,73039368,0.15504649292149292
661,87807588,0.4125833333333333
662,77312843,0.3528630952380952
663,73377741,0.3643005952380953
664,79749749,0.3664410173160173
665,79882053,0.1707857142857143
666,75813422,0.17296320037986704
667,7385229,0.15651067483523626
668,86361664,0.3645620318087709
669,72502057,0.26408974358974363
670,73537652,0.563952380952381
671,69718636,0.11034523809523812
672,80738229,0.36217811355311363
673,77202281,0.26170238095238096
674,85884366,0.13219202898550725
675,85498852,0.3591031841883293
676,76003187,0.17308179012345676
677,77136134,0.1935619658119658
678,73669855,0.3617380952380953
679,82712432,0.5333333333333332
680,71638712,0.15328054298642535
681,79665372,0.12012387387387388
682,80361547,0.23564035149632975
683,80372171,0.4108378427128427
684,70348583,0.3812980769230769
685,80369031,0.43300198412698426
686,76680641,0.36502380952380953
687,72796048,0.15135800085800086
688,80834981,0.5565714285714285
689,79760684,0.1373311300804907
690,80263973,0.5265
691,80983850,0.24091666666666664
692,78226281,0.26448456790123454
693,79920712,0.4198095238095238
694,74153484,0.34149999999999997
695,76827022,0.09491666666666668
696,73856319,0.3475595238095238
697,69646425,0.2435047268907563
698,83082342,0.3421770282186949
699,85092224,0.171834706959707
700,84875014,0.3099166666666667
701,82441038,0.15616191018455514
702,70991962,0.1485654761904762
703,86807832,0.1885677308802309
704,76124919,0.46443627450980407
705,80701020,0.16501895206243034
706,69861519,0.1557261904761905
707,73218427,0.2675877425044092
708,75896844,0.3456666666666666
709,75853022,0.10624999999999998
710,76630225,0.29741666666666666
711,86984853,0.2670595238095238
712,70548129,0.4370330513784461
713,82801497,0.16868607660455484
714,86176126,0.28623242300506796
715,70194144,0.2200091991341991
716,70976888,0.4114999999999999
717,75101266,0.373992962284629
718,86530060,0.40232738095238113
719,70821852,0.1784512548262548
720,78220674,0.30805500440917105
721,87446645,0.21366425120772947
722,75148091,0.24868298059964736
723,76852877,0.38038095238095243
724,71338147,0.12919047619047622
725,82546730,0.49683333333333335
726,80926390,0.3338182367149758
727,88437749,0.5788939393939393
728,8341725,0.2823690476190477
729,8396431,0.4091309523809523
730,83395336,0.3706250000000001
731,80765891,0.3617584776334777
732,74275834,0.47691666666666654
733,82091593,0.5568333333333332
734,81465547,0.4414858776844072
735,70316084,0.13566856060606058
736,85136243,0.3213095238095238
737,7083829,0.15493935006435003
738,78783027,0.34017857142857133
739,73136334,0.35813742553551636
740,79324671,0.14564768339768341
741,8049313,0.13198101673101673
742,76757320,0.33753218694885356
743,81209689,0.27252904040404036
744,86215917,0.41207738095238106
745,69591778,0.24969543650793646
746,74798760,0.22567107583774257
747,7854622,0.36152380952380947
748,85153953,0.13704649292149293
749,82865257,0.2715744143470593
750,75559439,0.26518031769237893
751,8674893,0.15867857142857142
752,76653598,0.20926190476190473
753,8032757,0.3619239365706756
754,82004165,0.42226322228496144
755,70901056,0.10604951298701297
756,81638693,0.2009627425044092
757,71388748,0.33126190476190476
758,74923352,0.20147619047619053
759,82582554,0.32399097815764477
760,83412731,0.19511386639676118
761,78478948,0.17634966422466422
762,72787272,0.14719345238095236
763,79750276,0.18028161890661892
764,8682765,0.37555555555555564
765,73594739,0.12332615102571243
766,82137746,0.49323809523809525
767,72903446,0.4391269841269842
768,7953846,0.27563095238095237
769,83311126,0.39807097069597075
770,81688265,0.3871250000000001
771,82671527,0.43237797619047624
772,82793682,0.3275654761904762
773,73813548,0.36281799450549457
774,73068127,0.3297857142857141
775,87561810,0.4070595238095238
776,86220650,0.33747464726631393
777,70103746,0.31835714285714284
778,70494188,0.09654761904761905
779,71669533,0.3955322802197801
780,83392976,0.12998214285714288
781,83602811,0.33813690476190467
782,83949272,0.14047675120772948
783,83242165,0.09349560041407867
784,74650189,0.2750103615520282
785,70439515,0.14170720720720723
786,71024888,0.401876984126984
787,79925324,0.16823369565217391
788,8612914,0.3875357142857142
789,78824355,0.3817142857142858
790,75338562,0.2723150183150183
791,77327715,0.12276956068622737
792,77504977,0.2552544091710759
793,80920710,0.31135274327122153
794,79106246,0.438140639589169
795,78264540,0.16542107583774254
796,8105085,0.39233333333333326
797,86711368,0.33957142857142864
798,77026481,0.1512857142857143
799,70212565,0.11978571428571427
800,73025535,0.4111353615520283
801,81787219,0.2588231888568631
802,72723340,0.22347069597069594
803,7044996,0.2906556199056199
804,75096537,0.15537048059964728
805,71440259,0.4934166666666666
806,73424194,0.29250440917107584
807,79033833,0.34145833333333336
808,71088882,0.061047619047619045
809,7769741,0.35268108974358975
810,69882792,0.21016396103896096
811,71536871,0.12501785714285718
812,85132615,0.33982738095238096
813,80201873,0.40429298418972337
814,72059728,0.5356666666666665
815,73558985,0.16811088377755046
816,85863981,0.3942753357753358
817,82721495,0.3358412698412698
818,84372388,0.1328840314275097
819,82356222,0.11057030244530246
820,86203360,0.3312083333333333
821,8462526,0.2190257936507936
822,84952135,0.26892261904761905
823,73641465,0.12444047619047621
824,8452481,0.3070287698412698
825,75108779,0.3634111721611722
826,82204778,0.30816666666666664
827,71928542,0.37188888888888877
828,76803037,0.34544813211479874
829,80644823,0.11286464803312629
830,71730520,0.09980494505494505
831,8237924,0.3715833333333333
832,73777726,0.16105494505494505
833,79475048,0.21200087401474693
834,70560745,0.21289772727272727
835,86747712,0.38726785714285716
836,75007233,0.1809121472663139
837,77492435,0.17267857142857138
838,70075241,0.24627408008658003
839,73373029,0.33538095238095234
840,84997364,0.32689529914529913
841,71342757,0.20159117965367968
842,82947929,0.30872464726631393
843,83881139,0.25123270358868177
844,83694477,0.25697464726631397
845,71950161,0.38875
846,86016686,0.19488431013431012
847,73691293,0.24237345679012343
848,81019882,0.27636507936507937
849,84240963,0.20864440993788821
850,78323036,0.21984523809523812
851,71681157,0.1994362745098039
852,72806758,0.12000595238095241
853,71230617,0.19615476190476192
854,71874535,0.20148998917748923
855,75223499,0.22948357583774256
856,85985431,0.11618935006435008
857,84572834,0.4189933261183261
858,78258495,0.23749845679012338
859,8524058,0.4151190476190476
860,83037352,0.2955238095238096
861,7793973,0.18733316374983033
862,72530413,0.29279960317460313
863,6985831,0.18095238095238098
864,77846470,0.07147619047619048
865,70091963,0.30919047619047624
866,78786768,0.4750059523809524
867,70230652,0.11145238095238094
868,77603379,0.33274007936507927
869,8388702,0.37667261904761906
870,75160292,0.34374999999999994
871,83730574,0.3687305996472663
872,83744822,0.3106829805996472
873,72507099,0.40459698879551825
874,73885999,0.19191666666666662
875,779828100,0.21483333333333332
876,7059186,0.16901379870129868
877,75980291,0.3261547619047619
878,79791299,0.3411666666666667
879,82028075,0.31133749999999993
880,83710541,0.20119798136645958
881,74084672,0.2265833333333333
882,72582620,0.26202304055593517
883,72439246,0.23290476190476186
884,7335196,0.17112116824616827
885,81570755,0.2124404761904762
886,76990522,0.29761111111111105
887,85695953,0.46658531746031756
888,84232954,0.1374929214929215
889,81179474,0.3738795024420024
890,82032336,0.3244650568729516
891,79962568,0.1323768660782391
892,7587724,0.18091712454212458
893,74961451,0.16055952380952385
894,82158279,0.2321845238095238
895,74099719,0.1873258377425044
896,78141482,0.3879166666666667
897,75651274,0.09291804029304028
898,80808571,0.17876535149632972
899,79646475,0.22883333333333333
900,72011495,0.540940476190476
901,71597911,0.15151099255491673
902,76264858,0.3347601190476191
903,71082217,0.1293560606060606
904,82247192,0.3805833333333333
905,81605323,0.17657738095238096
906,82446339,0.3334898459383753
907,79696527,0.17652268339768334
908,75910914,0.3998690476190477
909,77032841,0.4044305555555556
910,71763772,0.11484555137844613
911,72739446,0.14038613579403053
912,84465370,0.4852142857142858
913,7130343,0.31806746031746036
914,7085819,0.11101190476190476
915,73843686,0.40974999999999995
916,83062938,0.23764926739926737
917,82306562,0.1043322072072072
918,76736027,0.5615238095238094
919,83849697,0.2990218519403301
920,7484903,0.2250628068544735
921,73063057,0.25194291819291814
922,82433012,0.31058928571428573
923,73869822,0.20239583333333333
924,76288564,0.13924999999999998
925,77514911,0.14913536155202822
926,78246041,0.3036904761904762
927,73577614,0.15147167107583773
928,72460726,0.1510524453024453
929,6961958,0.1937537758346582
930,70114079,0.15774597338935578
931,75236343,0.1829329805996473
932,70751340,0.29712130230880224
933,72740815,0.2593707983193277
934,73240595,0.3094210758377425
935,74519168,0.3283571428571429
936,75737298,0.0761904761904762
937,84471986,0.30559877501725324
938,79469672,0.10908220720720721
939,73539013,0.13111038961038962
940,77902664,0.21405952380952378
941,80838382,0.3705731792717087
942,8773482,0.1433154761904762
943,72753119,0.28010903679653676
944,77243261,0.17525595238095243
945,82883888,0.15894642857142854
946,70161994,0.44056547619047626
947,87837235,0.35108333333333325
948,78662929,0.1719166666666667
949,74579759,0.3179404292320958
950,82309736,0.2608690476190476
951,72407877,0.16514019423558898
952,79514942,0.18397728539576366
953,79326153,0.3761126373626374
954,83936163,0.21054117697803754
955,76136445,0.36149603174603173
956,83049140,0.10798214285714287
957,81374480,0.39661484593837526
958,87472410,0.3601607142857143
959,76679820,0.25570238095238096
960,83607999,0.23582441434705934
961,73332490,0.17582881393298058
962,82994615,0.2139658385093168
963,70551246,0.30160119047619033
964,76351752,0.45378571428571424
965,82565326,0.30455202821869487
966,76841147,0.2789419091710758
967,77119867,0.32720436507936496
968,7322894,0.32918650793650783
969,81167167,0.48650000000000004
970,77914858,0.19213095238095243
971,775241100,0.3598333333333333
972,80849350,0.11655357142857142
973,75429152,0.1547202380952381
974,74696099,0.3087738095238095
975,84064112,0.25055555555555553
976,84711883,0.4436275252525253
977,76235866,0.15734964726631392
978,75482151,0.1617067901234568
979,81694645,0.43766071428571435
980,85220082,0.21360463721061546
981,73663071,0.18145238095238095
982,72609798,0.0885881595881596
983,85728480,0.3766554259174873
984,86959667,0.19438536155202818
985,77574469,0.3194404761904762
986,73676542,0.21324548059964726
987,81633790,0.41332186948853616
988,78138845,0.3286210317460317
