,Deal_id,Prediction
0,72875713,0.05776057920979283
1,75825544,0.14272249709167809
2,81809181,0.07080816713002741
3,87083256,0.09357936307677035
4,84651519,0.07722986371182125
5,83091781,0.07325585297932137
6,70455833,0.13687460679117985
7,76923734,0.11061583000730921
8,70609426,0.07115083685440227
9,73037664,0.059093369249754196
10,81520647,0.10819421148140898
11,79502154,0.04697357389763902
12,7608929,0.07411190443027002
13,78693591,0.10890239137827422
14,82626919,0.06437591727659131
15,73715934,0.13238878575757926
16,71040078,0.13089810766834964
17,70991157,0.05341381651269706
18,85910966,0.1594148094320614
19,70640979,0.053792062281638686
20,81616965,0.09702953946040621
21,84638072,0.10393698945044681
22,76130011,0.07490318932751228
23,80457992,0.09148876773597879
24,73288054,0.0652309246208508
25,71751188,0.10146558925286363
26,79968140,0.17410424860573667
27,80349315,0.10476329119448122
28,74228988,0.209057086425038
29,82922892,0.11603890759598688
30,70308757,0.15035920312051024
31,84522980,0.10077208322491028
32,74613967,0.16210381575451338
33,87463727,0.1164754883694507
34,71805726,0.10932462919863994
35,79550566,0.053100501067818454
36,81510592,0.12706454451465649
37,85986873,0.04964823307551665
38,73156278,0.02993274031559567
39,81775775,0.08488448314942829
40,87042952,0.026906999287526212
41,82929222,0.152191608010588
42,84444298,0.10738178393949363
43,70939586,0.17033825201576328
44,79930387,0.14448624428082596
45,77562673,0.06882189780342206
46,82715418,0.07590635374324434
47,6979678,0.23156110428939877
48,78944029,0.1069703948688116
49,70111543,0.24958604821568225
50,81456724,0.16257634956491657
51,7175964,0.06318504562038288
52,81720568,0.10411196283126371
53,73244942,0.12274295153208485
54,74690643,0.15971115308952238
55,75493253,0.0758541290920235
56,83659230,0.10325602641271572
57,8588658,0.07534371867759294
58,86612493,0.05946802530860597
59,80867047,0.06657049782953858
60,70256265,0.21335471031273376
61,75370187,0.14688972369070255
62,82635091,0.06412793531292665
63,81058436,0.10146558925286363
64,73979296,0.07396676876113059
65,80695147,0.06451642369473874
66,83068347,0.06536719061681277
67,75875473,0.11159258460719845
68,76912065,0.17339255497326117
69,72936742,0.0622935738780493
70,85127324,0.055026411323668784
71,78378322,0.09744706772945577
72,80873958,0.11639591663101499
73,82804155,0.16268739062838944
74,85360456,0.12060303539542229
75,7106244,0.04375155033730531
76,8447858,0.12018787571384386
77,83371446,0.06236797678183091
78,74508810,0.10240176976845237
79,76417933,0.08399273469582709
80,87007522,0.10146558925286363
81,86196461,0.10517602865349374
82,83362460,0.05631809162895379
83,82343133,0.09539585519347424
84,7165879,0.1296458942039458
85,83644567,0.10325602641271572
86,82125935,0.06794507964439862
87,75687636,0.07125478075274194
88,80725116,0.13585280402085595
89,82133666,0.04374489054918044
90,83770970,0.08849829691061649
91,87840351,0.08530105151051338
92,86591567,0.12936762813093855
93,7287995,0.06518509993228915
94,86705069,0.06640843997772188
95,75064123,0.05736934306272908
96,8077155,0.0738567636505791
97,70322595,0.12692399740872204
98,81842999,0.0814715910251387
99,8325575,0.0699195176035357
100,83995818,0.09088219758392503
101,83095545,0.08660567442991887
102,71872287,0.09531735799160254
103,78820822,0.14697636349178594
104,75635119,0.06253827611233254
105,72366664,0.1088765324161608
106,70267317,0.12224692351231538
107,75031189,0.09560299408536818
108,70942876,0.11912469951168717
109,7594039,0.09516278041217334
110,71833936,0.0690399523145777
111,77949730,0.04794407841679756
112,76510944,0.13386447748049482
113,81818966,0.06633078620480176
114,78631418,0.19476685139083244
115,82244871,0.09764335781759922
116,79632260,0.09706801331405078
117,83460844,0.0802194252509352
118,78977697,0.22923880441640468
119,73271257,0.06812087977838803
120,82367634,0.10590352345080316
121,72108078,0.11726934420783326
122,70425779,0.12610052641942415
123,85312444,0.11726934420783326
124,87105476,0.1490464697373729
125,69984579,0.08283660770780486
126,72233180,0.07659284753124147
127,69547173,0.08060900721931549
128,75718296,0.07930242215190424
129,72466217,0.14951033687744666
130,79550621,0.049206758588140574
131,79822943,0.08774198751173118
132,70197143,0.1180190722192781
133,84612955,0.08849829691061649
134,75513615,0.03277507480372723
135,78823031,0.1359285089647957
136,84977031,0.09598170022873433
137,73330079,0.1155638827663086
138,82674852,0.06258829737133816
139,7290854,0.06369779829422367
140,88147612,0.09341712984943286
141,75485472,0.06601125734856107
142,84179542,0.09288967126899587
143,81371313,0.13677928583554463
144,69616149,0.09175773688717694
145,86695155,0.16601000546860029
146,77973691,0.2939437251285799
147,71391765,0.07891922023069475
148,82146548,0.11989766092456904
149,76914272,0.11233509003018204
150,81343141,0.21093154474324502
151,86294781,0.13534710180624018
152,72921793,0.08428586489084665
153,70434323,0.10421363711230866
154,74327611,0.14089450463502953
155,78679022,0.12540977954527807
156,7663324,0.08869959590230206
157,74658486,0.16015409963477736
158,75497288,0.08047416530318123
159,77092312,0.08950119490271075
160,81248757,0.03440922319849648
161,87065117,0.08193118891985907
162,76916477,0.10916475688764814
163,73992377,0.08186443506018774
164,82304222,0.1457180553869811
165,7791688,0.08128299412085654
166,76067175,0.087717757687855
167,78065947,0.1659179090005504
168,73704464,0.051742280612833674
169,78158728,0.14246506414832988
170,71800566,0.10324748198169247
171,71871521,0.08691969746019976
172,75226969,0.14464159141535063
173,81662377,0.16519564212302482
174,8335821,0.06546620799067372
175,84427568,0.0761160436816675
176,71465470,0.1259184032073537
177,72459495,0.14900407061448429
178,83838477,0.1307898438499244
179,71153591,0.10093114717354294
180,85657329,0.1026121518328598
181,70720584,0.07638629905796714
182,77087369,0.07449272016921844
183,86219944,0.0843910521351669
184,78828038,0.1069703948688116
185,71583691,0.03556941668704545
186,7666294,0.14147278383714879
187,87219567,0.08978070730380934
188,77588766,0.12383107278409719
189,8046464,0.08336350466667097
190,85074696,0.02565813882564361
191,76981762,0.07325585297932137
192,74141392,0.18190967091380728
193,70942977,0.13040707561643072
194,73328540,0.1973594562359504
195,71666032,0.040209097636026286
196,76856370,0.08506953372246044
197,86524597,0.09294023816068939
198,83039042,0.08327143565757444
199,72827233,0.02371975008783738
200,70402553,0.14868511981815644
201,73799457,0.08891334634694184
202,798852100,0.13832049976148486
203,69792818,0.1637718208653417
204,73907388,0.07883836586106821
205,70150648,0.1263826928897139
206,77593153,0.10351036398709298
207,82886945,0.10380199482273225
208,83362747,0.1059357252219621
209,73095942,0.04822511070349846
210,85173799,0.051304971025489254
211,8265278,0.13677928583554463
212,76168166,0.07590635374324434
213,85100031,0.05472358171297294
214,79817752,0.11831548609736307
215,78802436,0.0728529254657045
216,77002240,0.1315423085736491
217,84698037,0.16823499667254688
218,71530074,0.07727285187673694
219,83874440,0.10945841179791069
220,84649440,0.08683507815777847
221,81322217,0.13677928583554463
222,7813268,0.16291221625488722
223,8576452,0.11777067511746621
224,88195590,0.05350874448443765
225,76316839,0.1227696429838802
226,82461567,0.0864638747885127
227,74773142,0.11128199920707947
228,82448443,0.12925831157923934
229,7927378,0.08464283043954957
230,71132586,0.08060851695864435
231,79813295,0.19715414927919334
232,865226100,0.03201267995712285
233,73668333,0.13105182826424872
234,77974072,0.10302538173781643
235,74776174,0.10476329119448122
236,79730180,0.0804973287125605
237,74891718,0.11790624452970858
238,73217412,0.1368968765487497
239,77323097,0.04048441517074937
240,81684837,0.12281925879777666
241,73074029,0.061090890784844996
242,75582139,0.06402171274677142
243,8451582,0.19878251802209812
244,75034757,0.11150663980743568
245,85435781,0.07656946111521896
246,85392962,0.06498494199326489
247,82418036,0.10063604866226507
248,7029811,0.12628449816979812
249,75243488,0.14851324510840042
250,74598052,0.11960922614022891
251,7260204,0.10496319263385576
252,82741231,0.1659179090005504
253,76235235,0.08665839944883194
254,71509974,0.09842040841278804
255,82373037,0.12692207903585045
256,74871081,0.0680702145900151
257,85826627,0.12260573025298108
258,74505616,0.1188323702479398
259,74854248,0.07719762534110437
260,747340100,0.13582702561295976
261,85622959,0.13736625434848238
262,75706063,0.05961185630831691
263,76805448,0.20113226393606828
264,80658441,0.07828473059973186
265,81859633,0.11162937590766799
266,69781533,0.10971722133786051
267,8771705,0.09773984204655126
268,82770447,0.08870387838188001
269,73733282,0.10931558200993546
270,83583642,0.09803188737662176
271,86608960,0.056079618734944395
272,79409296,0.06470562513750482
273,80423022,0.07553121507886064
274,7312706,0.06640843997772188
275,72276997,0.07883836586106821
276,83705953,0.10541505633676833
277,75022216,0.09341712984943286
278,82581746,0.11513190746618812
279,69982022,0.15152460863359912
280,69846393,0.13284768056180274
281,83722618,0.0635346380809847
282,71340514,0.0770425562185337
283,70082528,0.0781448469251353
284,7947346,0.1228928964492753
285,79564125,0.04100792601894326
286,70038139,0.12517330471192153
287,72329374,0.1095423609377276
288,87963289,0.19361725738337948
289,76908975,0.11267833522946111
290,83593074,0.07590635374324434
291,73082358,0.0652309246208508
292,78598955,0.2207480664696975
293,80182616,0.06811277045831297
294,86914789,0.0647504216237758
295,71154679,0.05672526873826303
296,7011141,0.10715125858103484
297,74560466,0.16146634266848042
298,84318843,0.09243896205197
299,73306473,0.08688122107191852
300,79754477,0.09341055244505768
301,72074627,0.09013857750180874
302,7536757,0.14477580085436573
303,81340755,0.08774198751173118
304,84575012,0.09617729468386395
305,86695229,0.06518509993228915
306,77366371,0.057696630899504164
307,8229766,0.07432200918535622
308,86030221,0.06118382957290135
309,79048530,0.08589546697542223
310,70704333,0.07273940567290738
311,70968657,0.07753143835999614
312,76212622,0.09753123031581172
313,86483867,0.13488322934391778
314,78549377,0.28672522402554534
315,85361149,0.16881583449770657
316,73812957,0.1063690116558628
317,84703479,0.16866560219074594
318,83299178,0.054669304937801186
319,84749977,0.10633284727324892
320,77278912,0.09678249471445984
321,88242942,0.09640930117319157
322,82038710,0.10093114717354294
323,88202993,0.031760096047011556
324,80253665,0.10948999511821222
325,69668061,0.24656647134210152
326,74112510,0.0931484058062883
327,79726341,0.03542730864929723
328,82064823,0.1410949787543219
329,77851874,0.05112508779662192
330,80587684,0.04500695840601708
331,77927132,0.07024020069267688
332,7364855,0.06571160467710987
333,70671754,0.07430978276045802
334,70048538,0.13112217992976796
335,80360845,0.09027570644282529
336,71609760,0.1005514425391811
337,87147426,0.10325602641271572
338,72925936,0.07931495310124993
339,72272920,0.07725128599739695
340,8733854,0.06968517286726045
341,79891486,0.10232758590941947
342,72326058,0.08828057654945212
343,70672011,0.2059612869783458
344,8156304,0.13991231718740474
345,80322397,0.029989047861732576
346,86585144,0.10093114717354294
347,83513999,0.07525634565524977
348,79741342,0.10407844801752347
349,76518385,0.09065453697391256
350,86478660,0.14090125522242014
351,70231322,0.07966827328024483
352,71373920,0.0709769151952236
353,72701937,0.11435846988201424
354,77903296,0.06564974572363959
355,815022100,0.08774198751173118
356,87204713,0.0931301315167388
357,75502678,0.06742379930554887
358,74378360,0.16342506817686017
359,81731979,0.08178784243821571
360,85684546,0.10967381769177348
361,83875152,0.2016116060842081
362,78056857,0.08001235293538614
363,74062749,0.1392144203353848
364,75269724,0.07167004609712883
365,87137289,0.17967628525869198
366,74155716,0.1335138842508959
367,81778794,0.10977091180661191
368,7820877,0.13505889544812452
369,8749613,0.151755958809192
370,74309649,0.07168625630613655
371,74229354,0.10265019789842755
372,73115463,0.034980017676180565
373,72184650,0.0689656941286349
374,69908130,0.13622194659125525
375,81682767,0.14002545877980824
376,70822290,0.0794814647442861
377,82915099,0.1138074524826881
378,82064421,0.06198957109883052
379,7121817,0.07524521757491079
380,83360358,0.0804973287125605
381,70819762,0.03088704009775013
382,86254182,0.03440922319849648
383,70826453,0.13375591696493913
384,7673174,0.12926969556593887
385,75822175,0.18481946612917696
386,82387415,0.05959170832843139
387,86446321,0.16958608791564328
388,71020818,0.06888874750732259
389,74133188,0.1387793654026966
390,84793055,0.11063493414654077
391,84081576,0.236704795455165
392,87326023,0.17656969928971228
393,74130476,0.07998504702961674
394,8000069,0.15440846835305264
395,79283014,0.061937406845826944
396,79151417,0.1745190716601029
397,75259140,0.13585280402085595
398,71224281,0.0941357708371452
399,70216895,0.0970114783458557
400,72324974,0.07277302558727085
401,73839112,0.08041598296964231
402,82600548,0.11831548609736307
403,85034088,0.06339642351157503
404,71251388,0.07793578589108034
405,70830115,0.07923298475539142
406,75168670,0.15073973209597757
407,83160967,0.08252181662179117
408,71014327,0.07282231412466066
409,71138042,0.09427321431137792
410,73231111,0.11673542073339156
411,86827512,0.09313182250411178
412,77164578,0.10257213054188612
413,7442613,0.10531245396464146
414,81496937,0.12743067913007972
415,85958541,0.14477580085436573
416,80745620,0.038710959031387424
417,73361392,0.062300777106327296
418,7489649,0.05905389617548959
419,82286989,0.16535109089953792
420,85904271,0.07172367907805767
421,79514891,0.1908486038635033
422,71560215,0.10302538173781643
423,70274572,0.2539947832802531
424,77728473,0.12935542121787905
425,7734726,0.07370440130900428
426,80849858,0.1439256062838082
427,73741765,0.07950191160837546
428,75501410,0.14759271358115844
429,80013720,0.029043166021369672
430,74883150,0.12948227096966825
431,71108530,0.11440601047535123
432,77557766,0.10522577457284357
433,71517184,0.08982643432700253
434,82270184,0.09297516020482788
435,81885678,0.12926969556593887
436,79607865,0.10146558925286363
437,78223641,0.11002682672479147
438,74970760,0.05786493607432421
439,78179323,0.21093154474324502
440,8443416,0.07333484584876239
441,72673226,0.07239319153967635
442,8216846,0.03109238051107732
443,79543884,0.03969922598069501
444,81285819,0.16881583449770657
445,76581181,0.09968221348820414
446,70246498,0.17139531378631911
447,70067122,0.16591194636852977
448,78174861,0.10382019862208787
449,87566442,0.07080816713002741
450,75005137,0.06982230090235582
451,82912148,0.10870707795566129
452,87094656,0.07797739851729035
453,73348372,0.07751854236095988
454,84038569,0.11095460786751654
455,75122931,0.1111804285103226
456,82327351,0.052925378491149096
457,80403033,0.10447532658554043
458,82055783,0.08058188050501912
459,77087713,0.050251996618511985
460,84654452,0.07722986371182125
461,75291850,0.061980677044627765
462,84687838,0.10008680046489475
463,80126573,0.10325602641271572
464,80770755,0.04008180130860297
465,83597483,0.08045801572766748
466,78767859,0.25358710122827044
467,85048459,0.1552655348315267
468,78229987,0.185522600841961
469,79080521,0.09280685266236939
470,86489192,0.1356283872248193
471,85921624,0.11639591663101499
472,7436769,0.07586067723538122
473,70101113,0.10960378474456658
474,73162759,0.05131117994167638
475,70339820,0.19668019649093463
476,84205797,0.10754983702684055
477,78092031,0.1064961238333967
478,71041349,0.07446248475647255
479,73702826,0.04807820102553352
480,85809022,0.028909003486367626
481,73030310,0.059095760507601354
482,76027461,0.1625453804599584
483,87533761,0.1339092322390998
484,72368255,0.10174492378133249
485,73626684,0.05721679099025961
486,70511472,0.1346593560045491
487,7990476,0.06457477798074152
488,73202792,0.09385500967184539
489,74532895,0.0977411768172307
490,86177478,0.08852526807305662
491,71488325,0.11698600954565389
492,76839563,0.13036611440709972
493,82820141,0.07209664058490302
494,8424315,0.11129873634357622
495,74040564,0.11469812096255148
496,69653530,0.13656211211945615
497,84511630,0.1659179090005504
498,82603233,0.09724142924737442
499,76903189,0.1339092322390998
500,72601086,0.08599239495277033
501,81610732,0.03196400417436194
502,69800438,0.19924284511061213
503,70194541,0.14704065934479393
504,73310477,0.08487632890681908
505,72454662,0.18261686349664238
506,85681935,0.06292626278301483
507,78188537,0.10675187153793887
508,78674719,0.20044139347497492
509,74280865,0.10062270520956276
510,70176018,0.08619822418080927
511,86709826,0.14358730925059215
512,7824312,0.1285516748223485
513,72651944,0.09624156134994481
514,69873282,0.09947688044714915
515,76385081,0.07590635374324434
516,79193864,0.07961715059820612
517,85628056,0.10884455744248815
518,70878040,0.0796324022226477
519,73332542,0.18076749087756247
520,82371318,0.06275297966127669
521,82386334,0.07851165294548672
522,81979510,0.06428472415644589
523,70378344,0.06040459540433277
524,87130597,0.11726934420783326
525,7430641,0.18285971172078352
526,77587369,0.11627942924903091
527,83720127,0.07138175893075797
528,74697567,0.1715016388230458
529,74506868,0.10558587960548466
530,83156372,0.054841615673984476
531,77084888,0.11795936069329804
532,81166449,0.050283245157571925
533,74438890,0.07718140875997981
534,84503573,0.030693885785906604
535,76822189,0.12999280216981718
536,8404892,0.1494853712853382
537,77004646,0.054039269573295405
538,80775829,0.07370556719738316
539,77250231,0.09642863696817473
540,84395611,0.062323402613568966
541,747604100,0.10047820092411994
542,71664615,0.06633236972812814
543,75529085,0.05304199155990223
544,75292529,0.07432200918535622
545,75284294,0.07092913112724668
546,74937332,0.06817120037492247
547,78245081,0.11453132582870444
548,86821967,0.18849578841086448
549,75361272,0.18027977079121812
550,83387982,0.11159258460719845
551,72040245,0.17851987528274751
552,71032921,0.11916371973637008
553,7402677,0.14672150492967245
554,79397882,0.08903595948600997
555,77618352,0.11968668819231044
556,80178790,0.036782170557504164
557,78250176,0.1177294261864582
558,76973338,0.05352695287414935
559,81778344,0.12994084823888535
560,7489767,0.0641637152008414
561,70004872,0.09970275311212853
562,73144071,0.057696630899504164
563,69840088,0.14072064942451049
564,7021456,0.12923249805372192
565,82584660,0.0805281575459486
566,71302610,0.054804151178691314
567,81705069,0.09791542580705591
568,71242243,0.06945291371890382
569,7429617,0.09830404154078465
570,85577696,0.12926969556593887
571,76138223,0.14675710862335267
572,82998993,0.13730467872625318
573,7691809,0.06877795634783483
574,85267090,0.10790111699950548
575,87708427,0.07394804386998273
576,78164713,0.07719370083334415
577,71255514,0.09034043202250117
578,86276467,0.1659179090005504
579,81069741,0.1057983005389275
580,73598920,0.0542728212880827
581,76445677,0.13951844144436248
582,80087424,0.09297449824119589
583,77886236,0.07103691090708551
584,70081963,0.19024400534243827
585,69948647,0.08261818801664733
586,78062635,0.13684962235560472
587,75448038,0.09260877745323498
588,8431748,0.1005597228116691
589,7535821,0.07070399369356191
590,74865079,0.05721942773235561
591,78795352,0.05176861437519023
592,80044766,0.0878932129685263
593,7639257,0.17488983234709177
594,71177981,0.09427321431137792
595,77022598,0.06024630636115281
596,85554830,0.15929902784176803
597,86754481,0.09511173040637604
598,75477044,0.11873749565922363
599,8346556,0.14046179267068096
600,75193886,0.07214670585415284
601,75687937,0.10333530005788422
602,82727824,0.10242396557573347
603,85402331,0.09727969511729825
604,87311534,0.1236388200229077
605,73257832,0.12659484908523802
606,81604935,0.09192190434062356
607,80432453,0.12290153942040552
608,85132995,0.11159258460719845
609,76635140,0.17656969928971228
610,8405222,0.11095460786751654
611,77906163,0.11072986712443869
612,78986683,0.1206695866571288
613,6958071,0.19906149452253077
614,70390681,0.08205954357131477
615,78275738,0.10443194300544387
616,77143358,0.06310683895573341
617,79799851,0.06557386837888822
618,78608788,0.3512523550413172
619,86538610,0.0852186593367562
620,71048234,0.062127196126219315
621,72713151,0.14340150988418968
622,83286610,0.0874314475496718
623,81837448,0.134312538494785
624,86165361,0.10099252767721206
625,74989569,0.11089961655667098
626,78360544,0.09310433457079911
627,74068546,0.09330924159348862
628,85649716,0.15469706687225693
629,84947877,0.13022606843210816
630,85047762,0.1114595258114673
631,80329414,0.03863840959534309
632,81662918,0.06237767203811566
633,7205258,0.1145253382477215
634,72100890,0.0878932129685263
635,73510431,0.039565499608557375
636,73751643,0.0542728212880827
637,84865787,0.04986678510735425
638,70308174,0.1921265814426449
639,83503441,0.16511024581004063
640,85096342,0.07577903456754446
641,758751100,0.05651131518571052
642,74169658,0.1329441653272642
643,74688849,0.1908802781400597
644,85333152,0.1382939532388448
645,84921373,0.09547059336991182
646,82886790,0.10870707795566129
647,72482312,0.10500222213866367
648,71582881,0.023477060061692815
649,87796518,0.06537132073467261
650,75775589,0.10284754505577316
651,73538960,0.09217143315663456
652,84449517,0.20888982004051498
653,8402884,0.24640244871884295
654,70542450,0.08815202346973651
655,86177092,0.13505889544812452
656,87436840,0.17682968324838835
657,84336690,0.177704361860504
658,75004681,0.12807141764727914
659,84816013,0.13087680704661744
660,73039368,0.07002221997333889
661,87807588,0.18542933272424614
662,77312843,0.08744177017301567
663,73377741,0.09598170022873433
664,79749749,0.06830564587574403
665,79882053,0.16384154007168605
666,75813422,0.10643463017888105
667,7385229,0.13673496696757848
668,86361664,0.038361197672491354
669,72502057,0.1255753345566894
670,73537652,0.11446914374060264
671,69718636,0.17013832080073663
672,80738229,0.06539328692203061
673,77202281,0.05564918433909177
674,85884366,0.16466050892243284
675,85498852,0.08922587213242716
676,76003187,0.09610882396934937
677,77136134,0.10148983511664396
678,73669855,0.05697146867225695
679,82712432,0.06044094657515398
680,71638712,0.10674858932060821
681,79665372,0.13201056069845032
682,80361547,0.09946157023390852
683,80372171,0.09498528330631192
684,70348583,0.09463927441749935
685,80369031,0.07953123923783995
686,76680641,0.12994084823888535
687,72796048,0.0622935738780493
688,80834981,0.09145615050966095
689,79760684,0.10193742220328915
690,80263973,0.14451137296607278
691,80983850,0.026748189210322314
692,78226281,0.0694737683852668
693,79920712,0.09929241819814014
694,74153484,0.09849242261830496
695,76827022,0.15728987022919153
696,73856319,0.10232758590941947
697,69646425,0.1268635444121808
698,83082342,0.09547059336991182
699,85092224,0.0547023360942003
700,84875014,0.05948306131473565
701,82441038,0.05308570435849028
702,70991962,0.04824601183738328
703,86807832,0.07890745397467404
704,76124919,0.07525634565524977
705,80701020,0.06812087977838803
706,69861519,0.1366502154855565
707,73218427,0.06735769333720175
708,75896844,0.11469812096255148
709,75853022,0.14050087116203125
710,76630225,0.16342506817686017
711,86984853,0.11214970458186418
712,70548129,0.094726881867403
713,82801497,0.11222298287387232
714,86176126,0.053802254227569804
715,70194144,0.170531211567818
716,70976888,0.12076308268715985
717,75101266,0.06090831326638182
718,86530060,0.10884455744248815
719,70821852,0.09368249875195091
720,78220674,0.08771632502923297
721,87446645,0.1778296882050787
722,75148091,0.10493566030183755
723,76852877,0.07981965617566182
724,71338147,0.059618691504928975
725,82546730,0.05259051507461394
726,80926390,0.09598170022873433
727,88437749,0.12464280039312982
728,8341725,0.11159258460719845
729,8396431,0.13503139331949904
730,83395336,0.04346808419583321
731,80765891,0.06887168735894306
732,74275834,0.12382855903522386
733,82091593,0.07303590001740747
734,81465547,0.06498494199326489
735,70316084,0.1702344189634619
736,85136243,0.1005514425391811
737,7083829,0.08883083387271529
738,78783027,0.12568802276024454
739,73136334,0.06873912664729263
740,79324671,0.11968753053256745
741,8049313,0.08396705348786332
742,76757320,0.07014866278119945
743,81209689,0.0594533702906704
744,86215917,0.07590635374324434
745,69591778,0.16240083128154437
746,74798760,0.1747865245620881
747,7854622,0.17375336815835454
748,85153953,0.11692174225178674
749,82865257,0.09699804928559425
750,75559439,0.060099141315688887
751,8674893,0.07687717852209454
752,76653598,0.14370422462807422
753,8032757,0.12136673510314898
754,82004165,0.07326463632330327
755,70901056,0.16210381575451338
756,81638693,0.09437073003583846
757,71388748,0.0399411192246762
758,74923352,0.05555358554793993
759,82582554,0.08369414320287095
760,83412731,0.09569575868535488
761,78478948,0.23768677655653522
762,72787272,0.07071282210184818
763,79750276,0.1123938118122891
764,8682765,0.14805362051104445
765,73594739,0.07757903235880641
766,82137746,0.1315455770195093
767,72903446,0.08384930836719112
768,7953846,0.17710614598178592
769,83311126,0.10493566030183755
770,81688265,0.06613165290948371
771,82671527,0.1076378983084683
772,82793682,0.0878932129685263
773,73813548,0.06376957053616271
774,73068127,0.05350874448443765
775,87561810,0.08520380619912092
776,86220650,0.07083068384425009
777,70103746,0.0891219097216318
778,70494188,0.237605002020848
779,71669533,0.0802194252509352
780,83392976,0.06235081362121928
781,83602811,0.06437591727659131
782,83949272,0.19539348400502995
783,83242165,0.07846860894682502
784,74650189,0.07464983445705309
785,70439515,0.19811807973346324
786,71024888,0.07470056731188468
787,79925324,0.09830404154078465
788,8612914,0.11831548609736307
789,78824355,0.14084883227619066
790,75338562,0.16590207101064267
791,77327715,0.06510835529714391
792,77504977,0.12535191317723
793,80920710,0.1114595258114673
794,79106246,0.05768812193673189
795,78264540,0.09803188737662176
796,8105085,0.1243706538504041
797,86711368,0.024715123901844643
798,77026481,0.12984046243523661
799,70212565,0.22949321401904735
800,73025535,0.09427321431137792
801,81787219,0.07393560184200378
802,72723340,0.122486319202197
803,7044996,0.12650344805015312
804,75096537,0.06680691120487113
805,71440259,0.08304030856910838
806,73424194,0.06735769333720175
807,79033833,0.08923083346968776
808,71088882,0.115447733702205
809,7769741,0.06044688385912159
810,69882792,0.08780439665268765
811,71536871,0.05080253291043923
812,85132615,0.05951286685494478
813,80201873,0.08488448314942829
814,72059728,0.06835827961430513
815,73558985,0.10900401819931882
816,85863981,0.13525352186813777
817,82721495,0.09118863367007327
818,84372388,0.11899865257850341
819,82356222,0.05585795073346153
820,86203360,0.08789535744195273
821,8462526,0.07240082950202464
822,84952135,0.025768553974558506
823,73641465,0.07486825570850397
824,8452481,0.0716464359377599
825,75108779,0.11089961655667098
826,82204778,0.03199344453038133
827,71928542,0.11550988039492799
828,76803037,0.05127546716795271
829,80644823,0.10729893597463648
830,71730520,0.057618985321883344
831,8237924,0.07635501593010373
832,73777726,0.06253827611233254
833,79475048,0.11011239891100753
834,70560745,0.13661851002472616
835,86747712,0.10588497318905099
836,75007233,0.13119152282932786
837,77492435,0.09672846081961542
838,70075241,0.07966687379826391
839,73373029,0.07214670585415284
840,84997364,0.07569348775225357
841,71342757,0.057696630899504164
842,82947929,0.07767044597371253
843,83881139,0.16081858631095367
844,83694477,0.07685178172736856
845,71950161,0.1471683208772905
846,86016686,0.12299492210898853
847,73691293,0.10302538173781643
848,81019882,0.09055789233997821
849,84240963,0.22500502712427645
850,78323036,0.14469744258748626
851,71681157,0.058616466475088023
852,72806758,0.10760334630738362
853,71230617,0.026408208376482497
854,71874535,0.07585866091358286
855,75223499,0.10493566030183755
856,85985431,0.07486825570850397
857,84572834,0.050203592600274106
858,78258495,0.10298122755329613
859,8524058,0.13684962235560472
860,83037352,0.13087680704661744
861,7793973,0.0775271744384534
862,72530413,0.03766386161756967
863,6985831,0.12904685035037483
864,77846470,0.12629360950369842
865,70091963,0.11267609072231206
866,78786768,0.2560650039493514
867,70230652,0.24526716016854205
868,77603379,0.10351036398709298
869,8388702,0.10065677594725037
870,75160292,0.0686965179595027
871,83730574,0.0854631119628152
872,83744822,0.07986989819397164
873,72507099,0.12281925879777666
874,73885999,0.1642768439120889
875,779828100,0.0879578443754504
876,7059186,0.10658992270786229
877,75980291,0.09282811332304954
878,79791299,0.15088914158672706
879,82028075,0.030631491234378184
880,83710541,0.0909453451939849
881,74084672,0.11486009548148705
882,72582620,0.11142984204890624
883,72439246,0.15469987964691514
884,7335196,0.09193907937599072
885,81570755,0.16384154007168605
886,76990522,0.054841615673984476
887,85695953,0.11318566250828738
888,84232954,0.20335586140924852
889,81179474,0.060564493296496824
890,82032336,0.07852295050707829
891,79962568,0.16257634956491657
892,7587724,0.12717103883575218
893,74961451,0.05563406944425557
894,82158279,0.06667255986185287
895,74099719,0.17340083270700932
896,78141482,0.06356198333949553
897,75651274,0.0792505868832134
898,80808571,0.06848702121011468
899,79646475,0.05878368053033616
900,72011495,0.14546506395531045
901,71597911,0.053100501067818454
902,76264858,0.03465922241357805
903,71082217,0.10610033442960114
904,82247192,0.07610181381948448
905,81605323,0.07482227554790079
906,82446339,0.05115040819721936
907,79696527,0.07750147035920427
908,75910914,0.1556345724037814
909,77032841,0.13165229711186813
910,71763772,0.08220211951201074
911,72739446,0.10824350456701018
912,84465370,0.18333463800158875
913,7130343,0.1484699483751759
914,7085819,0.13732119422063363
915,73843686,0.15325003251241484
916,83062938,0.0928459018471204
917,82306562,0.12100339304949567
918,76736027,0.10488202706524716
919,83849697,0.10774141578011955
920,7484903,0.10759142778233406
921,73063057,0.09501836997014322
922,82433012,0.06101773178949547
923,73869822,0.07901615207551768
924,76288564,0.09283548555807936
925,77514911,0.14793866050381893
926,78246041,0.08186443506018774
927,73577614,0.05961185630831691
928,72460726,0.11901822096015925
929,6961958,0.2543739197396237
930,70114079,0.14215865345502576
931,75236343,0.1625352042317322
932,70751340,0.06100779372232368
933,72740815,0.07731277457518525
934,73240595,0.06576387159603103
935,74519168,0.10500222213866367
936,75737298,0.07534054093338485
937,84471986,0.07069341166597497
938,79469672,0.10143031211781071
939,73539013,0.06888385891127714
940,77902664,0.053100501067818454
941,80838382,0.10493566030183755
942,8773482,0.07496886290360978
943,72753119,0.1001981169974038
944,77243261,0.060868396227833584
945,82883888,0.14372656678539278
946,70161994,0.07966827328024483
947,87837235,0.05837936295343612
948,78662929,0.2873635008652416
949,74579759,0.15787746529017135
950,82309736,0.16485590468947392
951,72407877,0.16866560219074594
952,79514942,0.09228320202346958
953,79326153,0.10758464883850223
954,83936163,0.10111145690327901
955,76136445,0.16335608101098792
956,83049140,0.059225697454630605
957,81374480,0.11810558990358881
958,87472410,0.10037981060606871
959,76679820,0.10246011347724826
960,83607999,0.08238718910460209
961,73332490,0.0666131322426284
962,82994615,0.15929902784176803
963,70551246,0.1384397689393944
964,76351752,0.0946054660622169
965,82565326,0.08338965561977703
966,76841147,0.08369228217544393
967,77119867,0.08783076518663764
968,7322894,0.09985394876974377
969,81167167,0.1016633288614541
970,77914858,0.15403951997332102
971,775241100,0.15420816031642504
972,80849350,0.07869843740463184
973,75429152,0.09441210509605402
974,74696099,0.07953123923783995
975,84064112,0.1335065630459804
976,84711883,0.08235961245363134
977,76235866,0.18502494879213885
978,75482151,0.12426115980139338
979,81694645,0.11960922614022891
980,85220082,0.10620396121175404
981,73663071,0.055995940730486825
982,72609798,0.13524234956903294
983,85728480,0.058827650470619025
984,86959667,0.057985840965241515
985,77574469,0.07822217940821859
986,73676542,0.05115040819721936
987,81633790,0.06551263444648425
988,78138845,0.16335608101098792
